--- 2-group problem ---
Sigma_a:      [0.00911, 0.09323]
nuSigma_f:    [0.0046, 0.1139]
chi:          [1.0, 0.0]
Scattering:
[[1.     0.    ]
 [0.0202 2.    ]]
Migration M:
[[ 0.02931  0.     ]
 [-0.0202   0.09323]]
Fission   F:
[[0.0046 0.1139]
 [0.     0.    ]]
B matrix:
[[0.15694302 3.88604572]
 [0.0340046  0.84198352]]
Eigenvalues:    [-1.1102230246251565e-16, 0.9989265421912323]
Eigenvectors:
[[-0.99918547 -0.97732278]
 [ 0.04035341 -0.21175502]]
Power-iter k:   0.9989265421912321
Power-iter φ:   [0.97732278 0.21175502]

--- 8-group problem ---
Sigma_a:      [0.0056, 0.0029, 0.0025, 0.0133, 0.0473, 0.018, 0.0558, 0.1798]
nuSigma_f:    [0.0134, 0.0056, 0.0011, 0.0067, 0.022, 0.0222, 0.0897, 0.2141]
chi:          [0.3507, 0.4105, 0.2388, 0.0, 0.0, 0.0, 0.0, 0.0]
Scattering:
[[1.1790e-01 0.0000e+00 0.0000e+00 0.0000e+00 0.0000e+00 0.0000e+00
  0.0000e+00 0.0000e+00]
 [5.3000e-02 1.9490e-01 0.0000e+00 0.0000e+00 0.0000e+00 0.0000e+00
  0.0000e+00 0.0000e+00]
 [3.0100e-02 1.1590e-01 5.8680e-01 0.0000e+00 0.0000e+00 0.0000e+00
  0.0000e+00 0.0000e+00]
 [1.0000e-04 5.0000e-04 7.6900e-02 8.2340e-01 0.0000e+00 0.0000e+00
  0.0000e+00 0.0000e+00]
 [0.0000e+00 0.0000e+00 1.9000e-03 1.9610e-01 8.1800e-01 0.0000e+00
  0.0000e+00 0.0000e+00]
 [0.0000e+00 0.0000e+00 0.0000e+00 5.0000e-03 1.7370e-01 6.9020e-01
  2.3000e-03 0.0000e+00]
 [0.0000e+00 0.0000e+00 0.0000e+00 7.0000e-04 2.4600e-02 2.7070e-01
  8.6260e-01 2.7400e-02]
 [0.0000e+00 0.0000e+00 0.0000e+00 1.0000e-04 7.3000e-03 5.5000e-02
  3.5880e-01 1.9761e+00]]
Migration M:
[[ 8.880e-02  0.000e+00  0.000e+00  0.000e+00  0.000e+00  0.000e+00
   0.000e+00  0.000e+00]
 [-5.300e-02  1.193e-01  0.000e+00  0.000e+00  0.000e+00  0.000e+00
   0.000e+00  0.000e+00]
 [-3.010e-02 -1.159e-01  8.130e-02  0.000e+00  0.000e+00  0.000e+00
   0.000e+00  0.000e+00]
 [-1.000e-04 -5.000e-04 -7.690e-02  2.152e-01  0.000e+00  0.000e+00
   0.000e+00  0.000e+00]
 [ 0.000e+00  0.000e+00 -1.900e-03 -1.961e-01  2.529e-01  0.000e+00
   0.000e+00  0.000e+00]
 [ 0.000e+00  0.000e+00  0.000e+00 -5.000e-03 -1.737e-01  3.437e-01
  -2.300e-03  0.000e+00]
 [ 0.000e+00  0.000e+00  0.000e+00 -7.000e-04 -2.460e-02 -2.707e-01
   4.169e-01 -2.740e-02]
 [ 0.000e+00  0.000e+00  0.000e+00 -1.000e-04 -7.300e-03 -5.500e-02
  -3.588e-01  2.072e-01]]
Fission   F:
[[0.00469938 0.00196392 0.00038577 0.00234969 0.0077154  0.00778554
  0.03145779 0.07508487]
 [0.0055007  0.0022988  0.00045155 0.00275035 0.009031   0.0091131
  0.03682185 0.08788805]
 [0.00319992 0.00133728 0.00026268 0.00159996 0.0052536  0.00530136
  0.02142036 0.05112708]
 [0.         0.         0.         0.         0.         0.
  0.         0.        ]
 [0.         0.         0.         0.         0.         0.
  0.         0.        ]
 [0.         0.         0.         0.         0.         0.
  0.         0.        ]
 [0.         0.         0.         0.         0.         0.
  0.         0.        ]
 [0.         0.         0.         0.         0.         0.
  0.         0.        ]]
B matrix:
[[5.29209459e-02 2.21162162e-02 4.34425676e-03 2.64604730e-02
  8.68851351e-02 8.76750000e-02 3.54254392e-01 8.45550338e-01]
 [6.96186935e-02 2.90943794e-02 5.71496738e-03 3.48093468e-02
  1.14299348e-01 1.15338433e-01 4.66029612e-01 1.11234047e+00]
 [1.58199841e-01 6.61133663e-02 1.29865541e-02 7.90999204e-02
  2.59731082e-01 2.62092273e-01 1.05899446e+00 2.52765566e+00]
 [5.67177936e-02 2.37029585e-02 4.65593828e-03 2.83588968e-02
  9.31187657e-02 9.39652999e-02 3.79670604e-01 9.06214897e-01]
 [4.51678095e-02 1.88760995e-02 3.70780526e-03 2.25839048e-02
  7.41561052e-02 7.48302516e-02 3.02354665e-01 7.21673733e-01]
 [2.37935783e-02 9.94358494e-03 1.95320418e-03 1.18967891e-02
  3.90640837e-02 3.94192117e-02 1.59274923e-01 3.80164560e-01]
 [2.11371132e-02 8.83342043e-03 1.73513616e-03 1.05685566e-02
  3.47027231e-02 3.50182024e-02 1.41492467e-01 3.37720592e-01]
 [4.45368716e-02 1.86124240e-02 3.65601185e-03 2.22684358e-02
  7.31202370e-02 7.37849664e-02 2.98131148e-01 7.11592852e-01]]
Eigenvalues:    [(1.090021411717394+0j), (-3.461752518422023e-17+0j), (5.911324047350351e-17+0j), (-5.3497651696146896e-18+1.3093606854222551e-17j), (-5.3497651696146896e-18-1.3093606854222551e-17j), (1.2571108381000125e-17+5.111807612739616e-18j), (1.2571108381000125e-17-5.111807612739616e-18j), (-9.002293206954295e-20+0j)]
Eigenvectors:
[[ 0.26158751+0.j         -0.95715386+0.j          0.88006377+0.j
  -0.01789031+0.24445662j -0.01789031-0.24445662j -0.021109  -0.51632073j
  -0.021109  +0.51632073j -0.01781951+0.j        ]
 [ 0.34412425+0.j         -0.01140085+0.j         -0.30237706+0.j
  -0.00589302-0.33514179j -0.00589302+0.33514179j  0.08719369+0.26865726j
   0.08719369-0.26865726j -0.021784  +0.j        ]
 [ 0.78197964+0.j          0.21042762+0.j          0.07293887+0.j
   0.88335406+0.j          0.88335406-0.j          0.66242953+0.j
   0.66242953-0.j         -0.99545052+0.j        ]
 [ 0.28035528+0.j          0.15045538+0.j          0.26739182+0.j
   0.00694303+0.06050835j  0.00694303-0.06050835j  0.2357036 -0.05483548j
   0.2357036 +0.05483548j  0.07542719+0.j        ]
 [ 0.22326386+0.j          0.09724717+0.j          0.1403565 +0.j
  -0.08704782+0.02664888j -0.08704782-0.02664888j  0.05584494-0.09334559j
   0.05584494+0.09334559j -0.01692763+0.j        ]
 [ 0.11761133+0.j          0.06428168+0.j          0.11591781+0.j
   0.1429131 -0.11448909j  0.1429131 +0.11448909j -0.27306667-0.16836984j
  -0.27306667+0.16836984j -0.0455759 +0.j        ]
 [ 0.10448046+0.j          0.05478711+0.j          0.09552212+0.j
   0.00904071-0.03508669j  0.00904071+0.03508669j -0.0128425 +0.19941939j
  -0.0128425 -0.19941939j  0.01448608+0.j        ]
 [ 0.22014515+0.j          0.01480285+0.j         -0.12237671+0.j
  -0.01314361+0.01540555j -0.01314361-0.01540555j  0.01621744-0.02949505j
   0.01621744+0.02949505j  0.00483511+0.j        ]]
Power-iter k:   1.090021411717394
Power-iter φ:   [0.26158751 0.34412425 0.78197964 0.28035528 0.22326386 0.11761133
 0.10448046 0.22014515]

